[{"id": 0, "img_name": "IMG_20240310_210124", "width": 3015, "height": 4060, "position": [-0.9615373169179064, 1.305369233780778, 0.025251338051730486], "rotation": [[0.8163294419527477, -0.44940910094894543, 0.36281910394213784], [0.539354021825734, 0.8178699042282997, -0.20046460759445178], [-0.20664820672224804, 0.35933310415525654, 0.9100418885505364]], "fy": 3171.117856187835, "fx": 3172.9655149776518}, {"id": 1, "img_name": "IMG_20240310_210127", "width": 3015, "height": 4060, "position": [0.29103039666304664, 2.273773825004983, -0.27982402223912206], "rotation": [[0.9517219275538548, -0.26161711046159525, 0.1605673071546651], [0.30200362501569394, 0.8916664670633865, -0.3372309623864314], [-0.054947093558760714, 0.3694420103729732, 0.9276278444942352]], "fy": 3171.117856187835, "fx": 3172.9655149776518}, {"id": 2, "img_name": "IMG_20240310_210129", "width": 3015, "height": 4060, "position": [2.1194773397952895, 2.8917149928421564, 0.14314553965026897], "rotation": [[0.9921645661693569, -0.02495935365570573, -0.12241937878890403], [-0.029014962168770066, 0.9070217453189575, -0.42008295072389784], [0.12152203754182446, 0.42034341220440385, 0.8991906417484793]], "fy": 3171.117856187835, "fx": 3172.9655149776518}, {"id": 3, "img_name": "IMG_20240310_210132", "width": 3015, "height": 4060, "position": [4.458674574491016, 3.2564922758524286, 0.49427932455436263], "rotation": [[0.8443389253368772, 0.19121452723154123, -0.5005285044196638], [-0.4523107172055235, 0.7551497771629623, -0.4745143086902156], [0.2872399593754188, 0.6270453082723341, 0.7240907312703715]], "fy": 3171.117856187835, "fx": 3172.9655149776518}, {"id": 4, "img_name": "IMG_20240310_210204", "width": 3015, "height": 4060, "position": [-4.383738988977616, -1.070735031472964, 2.710935458925359], "rotation": [[0.03771104604654804, -0.5929811572904244, 0.8043327819407732], [0.9274221035879977, 0.3204953006297237, 0.19279783206944007], [-0.37211035833807155, 0.738685392689453, 0.562030045322081]], "fy": 3171.117856187835, "fx": 3172.9655149776518}, {"id": 5, "img_name": "IMG_20240310_210206", "width": 3015, "height": 4060, "position": [-3.1468589181555116, 2.0182591910704075, 2.157736366242862], "rotation": [[0.6619324451402767, -0.3643402955634941, 0.6550584608256887], [0.6943857534355513, 0.6271556603313785, -0.3528515312990073], [-0.28226559035127935, 0.6884271397490211, 0.6681273903685025]], "fy": 3171.117856187835, "fx": 3172.9655149776518}, {"id": 6, "img_name": "IMG_20240310_210209", "width": 3015, "height": 4060, "position": [-0.44638257981338164, 3.285418230523824, -0.19841960348414528], "rotation": [[0.956060981555086, -0.1688720849530259, 0.23964477559826675], [0.26183645237319303, 0.8595421243430268, -0.4388952137908287], [-0.13186762967668086, 0.48235832676910906, 0.8659915547163026]], "fy": 3171.117856187835, "fx": 3172.9655149776518}, {"id": 7, "img_name": "IMG_20240310_210213", "width": 3015, "height": 4060, "position": [1.5072687245948904, 1.4594000360689008, -0.30131781300775595], "rotation": [[0.9930511660059791, 0.0633783496302799, -0.09915929856704067], [-0.08087127350352014, 0.9796389490252844, -0.18375899073121593], [0.08549396947202972, 0.19050121876454823, 0.9779570884415826]], "fy": 3171.117856187835, "fx": 3172.9655149776518}, {"id": 8, "img_name": "IMG_20240310_210216", "width": 3015, "height": 4060, "position": [3.642603913975328, 0.3517772671968826, -0.08696131623270212], "rotation": [[0.5947953986441009, 0.6833894438412913, -0.42331702280689726], [-0.7437471423588023, 0.6676551302848045, 0.03281486305770242], [0.3050551130286459, 0.29532269647060827, 0.9053871453496614]], "fy": 3171.117856187835, "fx": 3172.9655149776518}, {"id": 9, "img_name": "IMG_20240310_210225", "width": 3015, "height": 4060, "position": [-1.8185896388285256, -3.9567372765808506, 2.3254800457904192], "rotation": [[-0.6119762735978159, -0.5521503663538457, 0.5662287642716897], [0.7193990266822153, -0.09120647220069945, 0.6885829070180174], [-0.3285575763272121, 0.8287408233965651, 0.4530326331225726]], "fy": 3171.117856187835, "fx": 3172.9655149776518}, {"id": 10, "img_name": "IMG_20240310_210228", "width": 3015, "height": 4060, "position": [-1.8144423467984567, -1.8645276259401282, 0.5823987115558434], "rotation": [[-0.08863171838922694, -0.7983973810966413, 0.595572027846672], [0.9540063968092763, 0.1038700223338202, 0.28121666612658813], [-0.28638472959002875, 0.5931042406848867, 0.7524700301933956]], "fy": 3171.117856187835, "fx": 3172.9655149776518}, {"id": 11, "img_name": "IMG_20240310_210230", "width": 3015, "height": 4060, "position": [-0.9150418161779279, 0.10225457246981226, -0.7814750272724874], "rotation": [[0.7469134051169464, -0.5972346089651969, 0.29228613910138945], [0.6277914952111232, 0.7782548270441912, -0.014045024848614193], [-0.2190849237103977, 0.19398516963057819, 0.9562277710703685]], "fy": 3171.117856187835, "fx": 3172.9655149776518}, {"id": 12, "img_name": "IMG_20240310_210232", "width": 3015, "height": 4060, "position": [0.8997641386128377, 0.5319707854718482, -1.5038021264407875], "rotation": [[0.999998889124797, -0.0014523379411258937, 0.00033535604504017946], [0.001453987807065874, 0.9999865772152554, -0.004973058291942647], [-0.000328128982387355, 0.004973540371096021, 0.9999875780366215]], "fy": 3171.117856187835, "fx": 3172.9655149776518}, {"id": 13, "img_name": "IMG_20240310_210235", "width": 3015, "height": 4060, "position": [3.3494750139033562, -0.6638337722047571, -1.3529660710562392], "rotation": [[0.5720794192543583, 0.7874362056949871, -0.2294980610512389], [-0.7690181218396444, 0.6122500134485093, 0.18374180067291754], [0.28519513731447454, 0.07137326525375108, 0.9558083441041911]], "fy": 3171.117856187835, "fx": 3172.9655149776518}, {"id": 14, "img_name": "IMG_20240310_210240", "width": 3015, "height": 4060, "position": [0.04748373543565422, -3.851623666826318, -0.03906802676397643], "rotation": [[-0.9389071587847081, -0.22907831824570418, 0.2568588548065777], [0.3420913958978818, -0.7030662441736782, 0.6234351074138801], [0.037773324389911156, 0.6732168895781191, 0.7384796514131565]], "fy": 3171.117856187835, "fx": 3172.9655149776518}, {"id": 15, "img_name": "IMG_20240310_210243", "width": 3015, "height": 4060, "position": [-0.4448920828823903, -1.9895081661737322, -0.9503689933344955], "rotation": [[-0.4373079519594582, -0.8646566828840886, 0.24724598256980512], [0.883597054413519, -0.36193768093710826, 0.29708140391081406], [-0.16738578369974058, 0.3483818822237349, 0.9222863240629079]], "fy": 3171.117856187835, "fx": 3172.9655149776518}, {"id": 16, "img_name": "IMG_20240310_210247", "width": 3015, "height": 4060, "position": [0.23516617912371907, -1.2100433855100226, 0.0024031815150082876], "rotation": [[0.5383371712639184, -0.8300575169581879, 0.1455939853729209], [0.7997544817683367, 0.5576685512004341, 0.22225785901395698], [-0.26567999346398213, -0.0032102247922412854, 0.9640559296688972]], "fy": 3171.117856187835, "fx": 3172.9655149776518}, {"id": 17, "img_name": "IMG_20240310_210250", "width": 3015, "height": 4060, "position": [1.098079237228178, -0.2842483217984127, 0.5851865539751919], "rotation": [[0.945840096104908, -0.3212292819898096, 0.04688561605193546], [0.31523040724115425, 0.9433238742784219, 0.103777929093445], [-0.07756483063111906, -0.08337755458550836, 0.9934947812849881]], "fy": 3171.117856187835, "fx": 3172.9655149776518}]